6 0.5511205549132947 0.227963782273603 0.162836 0.33447299999999996
14 0.234253 0.740805 0.079225 0.142915
2 0.501918 0.46327099999999993 0.089544 0.169635
3 0.46492799999999995 0.121206 0.11639 0.184423
0 0.39643600000000007 0.22083399999999997 0.09724499999999998 0.208067
12 0.610909 0.9051709999999998 0.053661 0.094872
11 0.34710500000000005 0.682857 0.118668 0.297707
8 0.2368135838150289 0.17341040462427745 0.4671242774566474 0.3275529865125241
8 0.19725433526011543 0.8622350674373783 0.37716763005780307 0.2755298651252391
2 0.3977601156069364 0.4576107899807322 0.10187861271676298 0.14836223506743734
7 0.33273121387283233 0.4903660886319845 0.060693641618497086 0.11368015414258188
4 0.26011560693641617 0.626204238921002 0.039017341040462415 0.061657032755298644
1 0.5332369942196532 0.7562620423892099 0.1473988439306359 0.210019267822736
16 0.6996026011560693 0.47302504816955687 0.17232658959537558 0.21772639691714854
12 0.5619580924855496 0.32080924855491333 0.04010115606936418 0.09055876685934472
14 0.2682442196531792 0.24662813102119452 0.09212427745664725 0.19267822736030824
