8 0.24033900000000002 0.8578629999999999 0.41195 0.273312
8 0.2876290000000001 0.102742 0.246683 0.205484
11 0.348041 0.680458 0.122863 0.298135
3 0.46524 0.12037800000000001 0.115403 0.183376
0 0.397448 0.22083100000000003 0.09822000000000002 0.206787
2 0.501272 0.46331199999999995 0.08931899999999998 0.17007899999999998
15 0.23628 0.300459 0.07385 0.070512
16 0.6984280000000002 0.470437 0.143516 0.201974
5 0.466323 0.11881899999999998 0.114402 0.182032
13 0.2204255606469846 0.19352799963116687 0.05852848387544046 0.15606936416185033
2 0.4037210982658959 0.4576107899807322 0.08562138728323695 0.1714836223506743
12 0.610729768786127 0.9046242774566474 0.053106936416185066 0.090558766859345
12 0.5662933526011561 0.32080924855491333 0.042268786127167675 0.07129094412331412
1 0.5511199421965317 0.7475915221579962 0.118135838150289 0.21194605009633918
6 0.5570809248554913 0.23627167630057805 0.15173410404624277 0.23651252408477844
4 0.2622832369942196 0.6242774566473989 0.04335260115606939 0.07321772639691716
7 0.3321893063583815 0.4826589595375722 0.06611271676300579 0.10597302504816952
15 0.27854899028750496 0.770382417516677 0.032713519459555654 0.11368015414258252
14 0.2709537572254335 0.23795761078998073 0.08453757225433524 0.1560693641618497
