8 0.14873 0.09639000000000002 0.296876 0.189376
0 0.397967 0.22516100000000003 0.09948399999999999 0.214325
0 0.610808 0.9049320000000001 0.053441 0.093701
1 0.5364884393063584 0.7678227360308284 0.14306358381502896 0.20231213872832385
2 0.4015534682080924 0.46435452793834303 0.08562138728323695 0.13872832369942195
2 0.5061416184971098 0.47302504816955687 0.09754335260115603 0.15606936416184972
16 0.6860549132947976 0.4807321772639692 0.17341040462427743 0.17919075144508667
15 0.16528179190751444 0.31888246628131023 0.03793352601156069 0.2023121387283237
11 0.2601156069364161 0.2061657032755295 0.0910404624277457 0.20423892100192645
11 0.37174855491329484 0.7475915221579962 0.12355491329479769 0.2697495183044316
12 0.5641257225433525 0.32755298651252396 0.05310693641618517 0.09248554913294862
6 0.5673771676300577 0.23121387283236994 0.191835260115607 0.2967244701348748
