8 0.272337 0.584397 0.544674 0.583798
16 0.605059 0.487223 0.123908 0.21632400000000002
7 0.6004335260115606 0.279383429672447 0.11054913294797686 0.17341040462427743
2 0.4877167630057804 0.2890173410404624 0.0780346820809249 0.15799614643545282
2 0.4985549132947976 0.4720616570327554 0.08020231213872833 0.16184971098265905
3 0.40588872832369943 0.7899807321772638 0.03793352601156066 0.24277456647398835
6 0.16365606936416185 0.33526011560693647 0.14523121387283236 0.3198458574181118
12 0.20429913294797686 0.33333333333333326 0.04443641618497114 0.07321772639691712
12 0.5012644508670521 0.8554913294797689 0.04877167630057805 0.07707129094412338
1 0.4503251445086703 0.7572254335260108 0.08562138728323716 0.2620423892100191
15 0.3961852920068093 0.45458967463294614 0.09537572254335246 0.05780346820809261
