8 0.153026 0.579203 0.304775 0.515387
0 0.394709 0.222224 0.093553 0.20656400000000003
12 0.6106609999999999 0.905376 0.053384 0.093369
16 0.6936080000000001 0.470836 0.133209 0.204584
6 0.554358 0.225124 0.163771 0.33474
14 0.2639089595375722 0.7524084778420038 0.0769508670520231 0.17919075144508667
15 0.26553468208092484 0.2157996146435453 0.101878612716763 0.17341040462427745
15 0.1641979768786127 0.3179190751445087 0.02276011560693643 0.20038535645472058
2 0.39667630057803466 0.47109826589595377 0.09104046242774565 0.15992292870905586
2 0.5072254335260115 0.47591522157996147 0.10404624277456641 0.1618497109826589
1 0.5321531791907514 0.7485549132947976 0.15390173410404615 0.23699421965317918
11 0.37445809248554907 0.7427745664739885 0.10729768786127167 0.28323699421965315
12 0.5630419075144504 0.3246628131021195 0.046604046242774914 0.08285163776493265
