8 0.593386 0.11506 0.7037359999999999 0.230121
13 0.551998 0.122699 0.103731 0.19194199999999997
8 0.821306 0.11353900000000001 0.239146 0.222614
2 0.3790100000000001 0.151777 0.105207 0.266469
0 0.335807 0.366813 0.09748 0.195461
2 0.693039 0.4695500000000001 0.132154 0.203314
1 0.4449060693641618 0.7552986512524085 0.07695086705202314 0.2273603082851639
12 0.5018063583815029 0.8468208092485549 0.0476878612716763 0.08285163776493264
12 0.42702312138728316 0.19749518304431596 0.04985549132947973 0.07899807321772638
2 0.3999277456647398 0.4614643545279384 0.08236994219653176 0.1252408477842004
2 0.4980130057803468 0.4450867052023122 0.07478323699421964 0.17726396917148357
7 0.590679190751445 0.2601156069364162 0.08670520231213864 0.115606936416185
10 0.27854046242774566 0.6907514450867052 0.13222543352601154 0.2832369942196532
14 0.18533236994219654 0.7061657032755297 0.07153179190751446 0.1907514450867051
14 0.2303106936416185 0.38921001926782267 0.0899566473988439 0.23506743737957606
5 0.5673771676300577 0.766859344894027 0.17666184971098267 0.09633911368015419
3 0.3999277456647398 0.7938342967244703 0.04552023121387286 0.2658959537572254
