8 0.2498968150289017 0.7721895 0.364176 0.455621
8 0.122043 0.18561999999999998 0.22684 0.36951999999999996
2 0.501852 0.462949 0.089783 0.17118
16 0.6989720000000001 0.47055 0.14488 0.202775
0 0.397262 0.221252 0.098819 0.20789
3 0.464847 0.121068 0.116145 0.183598
11 0.347591 0.682903 0.120557 0.299799
14 0.23400600000000002 0.74103 0.079321 0.142113
6 0.552791 0.225753 0.158518 0.332781
0 0.6109059999999998 0.9048120000000001 0.053681 0.094709
14 0.273121387283237 0.2312138728323699 0.08453757225433524 0.16570327552986513
4 0.2644508670520231 0.6233140655105976 0.03684971098265897 0.0712909441233145
7 0.32622832369942195 0.4884393063583815 0.0845375722543352 0.09055876685934493
2 0.40263728323699416 0.45472061657032753 0.07695086705202314 0.1348747591522158
12 0.5608742774566473 0.33333333333333326 0.04660404624277447 0.12331406551059736
1 0.538114161849711 0.7591522157996147 0.13114161849710976 0.20038535645472066
15 0.15715317919075145 0.3535645472061657 0.01734104046242777 0.21772639691714837
