13 0.5523830000000001 0.13221800000000003 0.104499 0.20980100000000002
0 0.334443 0.36613799999999996 0.094611 0.196565
9 0.385313 0.150699 0.122391 0.273066
2 0.501532 0.462221 0.089031 0.169365
2 0.39951099999999995 0.464694 0.083808 0.154662
16 0.6925709999999999 0.469462 0.13403 0.203605
8 0.261623 0.171679 0.51837 0.33872199999999997
5 0.5619580924855491 0.7620423892100192 0.18099710982658962 0.0751445086705202
15 0.2086343930635838 0.38921001926782267 0.10079479768786123 0.03468208092485547
14 0.18912572254335258 0.7071290944123314 0.08995664739884392 0.17341040462427743
14 0.228143063583815 0.3815028901734104 0.07911849710982657 0.17341040462427737
1 0.45303468208092484 0.6791907514450867 0.0932080924855491 0.09826589595375715
3 0.395050578034682 0.7928709055876686 0.03793352601156073 0.27552986512524086
10 0.2790823699421965 0.7013487475915221 0.11380057803468205 0.2543352601156069
4 0.21459537572254334 0.5684007707129095 0.043352601156069356 0.07707129094412331
