6 0.41194600000000003 0.148478 0.135839 0.289645
2 0.294073 0.202548 0.063359 0.162806
18 0.28369 0.689232 0.118084 0.284315
10 0.283783 0.688598 0.117713 0.284043
3 0.40346999999999994 0.791694 0.028706 0.23937
16 0.603249 0.478981 0.12238500000000001 0.194801
12 0.5061416184971098 0.8545279383429673 0.05852601156069362 0.10211946050096345
12 0.4552023121387283 0.1329479768786127 0.07586705202312138 0.06551059730250483
2 0.488800578034682 0.4633911368015414 0.0932080924855491 0.17148362235067438
0 0.3359826589595372 0.3699421965317919 0.11271676300578033 0.20038535645472058
4 0.2167630057803468 0.5626204238921002 0.0476878612716763 0.09248554913294789
7 0.6069364161849709 0.2842003853564547 0.11921965317919055 0.1753371868978805
5 0.5641257225433526 0.7591522157996147 0.17666184971098262 0.06936416184971093
1 0.4595375722543352 0.6811175337186899 0.08453757225433528 0.1329479768786127
