8 0.192548 0.650017 0.382996 0.66159
5 0.378671 0.7680510000000002 0.102599 0.141065
6 0.147966 0.4114 0.124946 0.301774
2 0.48924600000000007 0.300048 0.067852 0.143414
2 0.49909682080924855 0.4701348747591522 0.08562138728323702 0.20038535645472066
12 0.436235549132948 0.9132947976878611 0.053106936416185 0.09248554913294797
12 0.18153901734104047 0.42003853564547206 0.04660404624277458 0.07321772639691719
15 0.39288294797687856 0.4913294797687861 0.07911849710982657 0.08863198458574174
7 0.6091040462427746 0.2861271676300578 0.11271676300578022 0.17148362235067438
16 0.6259031791907514 0.48458574181117536 0.16148843930635834 0.23314065510597304
1 0.4080563583815028 0.7784200385356455 0.12030346820809248 0.20809248554913296
15 0.21134393063583815 0.21772639691714837 0.10404624277456648 0.0578034682080925
7 0.26770231213872825 0.7986512524084775 0.06936416184971096 0.07899807321772617
4 0.22109826589595372 0.569364161849711 0.04335260115606929 0.04431599229287087
