16 0.6936900000000001 0.470971 0.133047 0.203137
0 0.39568800000000004 0.222714 0.095591 0.209518
14 0.269352 0.754126 0.078401 0.148209
6 0.555655 0.22509500000000002 0.165108 0.33470700000000003
2 0.501518 0.46470200000000006 0.090014 0.17375
12 0.610802 0.9049929999999999 0.053183 0.093603
2 0.39721820809248554 0.4614643545279383 0.08778901734104046 0.1907514450867052
12 0.5652095375722545 0.3217726396917145 0.04443641618497158 0.09248554913294794
1 0.5397398843930635 0.7514450867052023 0.1257225433526012 0.21194605009633918
14 0.2720375722543353 0.21483622350674372 0.08887283236994219 0.16763005780346824
15 0.16799132947976875 0.31888246628131023 0.02384393063583815 0.1984585741811175
