2 0.501437 0.463009 0.08931499999999999 0.1716
8 0.19848500000000002 0.267882 0.3810740000000001 0.531837
15 0.23823500000000003 0.301547 0.071296 0.090947
11 0.34976300000000005 0.677714 0.116789 0.305716
12 0.610995 0.9052409999999999 0.053201 0.094826
3 0.4631819999999999 0.12262599999999999 0.11956099999999999 0.187187
8 0.100221 0.268569 0.199395 0.536991
8 0.29814399999999996 0.7790220000000001 0.488492 0.428783
8 0.224846 0.7804780000000001 0.340733 0.42901000000000006
0 0.395794 0.22219900000000004 0.09522400000000002 0.20171
16 0.698991 0.470166 0.145987 0.204345
12 0.5608742774566472 0.3208092485549133 0.053106936416184906 0.07899807321772648
2 0.40317919075144504 0.46917148362235067 0.08670520231213878 0.14065510597302505
3 0.3999277456647398 0.6917148362235068 0.043352601156069356 0.30057803468208083
14 0.26553468208092484 0.2427745664739885 0.08020231213872844 0.1926782273603086
7 0.3289378612716763 0.48458574181117575 0.06394508670520237 0.11753371868978814
13 0.3224349710982658 0.1676300578034681 0.05093930635838155 0.18111753371868972
1 0.5451589595375719 0.7736030828516377 0.1365606936416184 0.21387283236994206
