2 0.501677 0.46523699999999996 0.09002 0.172614
15 0.16853323699421963 0.3198458574181117 0.02709537572254334 0.20809248554913293
14 0.2736632947976878 0.2312138728323699 0.10296242774566472 0.22736030828516376
11 0.3928829479768786 0.220616570327553 0.09862716763005779 0.22928709055876684
2 0.40046965317919075 0.46531791907514447 0.10079479768786122 0.15606936416184966
11 0.3619942196531792 0.7447013487475915 0.1430635838150289 0.3179190751445086
1 0.5272760115606936 0.7591522157996147 0.12247109826589593 0.21965317919075147
12 0.610187861271676 0.9084778420038533 0.0563583815028905 0.08670520231213885
6 0.541907514450867 0.220616570327553 0.14523121387283233 0.22928709055876684
12 0.5641257225433526 0.3265895953757225 0.03793352601156073 0.07899807321772638
16 0.6925578034682077 0.46628131021194574 0.14523121387283275 0.23892100192678226
