13 0.552473 0.131145 0.104387 0.208349
16 0.6934640000000001 0.469007 0.134936 0.204344
0 0.33563500000000007 0.36678499999999997 0.0993 0.196091
2 0.501445 0.4625580000000001 0.08976199999999998 0.16968499999999997
3 0.402744 0.7967249999999999 0.026977 0.231597
2 0.40101156069364147 0.46820809248554923 0.0736994219653176 0.16570327552986513
10 0.28124999999999994 0.686897880539499 0.10296242774566472 0.2601156069364161
0 0.22868497109826585 0.37861271676300573 0.09754335260115607 0.19845857418111756
15 0.2086343930635838 0.3921001926782273 0.10729768786127167 0.04431599229287095
0 0.18858381502890165 0.7119460500963392 0.07369942196531783 0.1560693641618497
5 0.5614161849710981 0.764932562620424 0.17557803468208086 0.05780346820809243
1 0.44815751445086704 0.745664739884393 0.07911849710982657 0.28131021194605005
12 0.49963872832369943 0.852601156069364 0.04768786127167623 0.07899807321772656
12 0.4183526011560692 0.1888246628131021 0.039017341040462665 0.0809248554913295
6 0.3901734104046243 0.1967726396917148 0.11921965317919074 0.18448940269749514
4 0.21134393063583815 0.569364161849711 0.0346820809248555 0.07129094412331405
