8 0.21694599999999997 0.8678209999999998 0.4281789999999999 0.257925
11 0.349735 0.682197 0.123955 0.305315
8 0.159154 0.145161 0.200132 0.282161
16 0.704783 0.470717 0.157694 0.201589
0 0.40057699999999996 0.224362 0.105936 0.221089
6 0.554518 0.22644099999999998 0.162732 0.333643
3 0.462645 0.12305400000000001 0.120854 0.18859700000000001
15 0.251855 0.774085 0.08071100000000002 0.151025
4 0.26282514450867056 0.6290944123314065 0.04226878612716764 0.07129094412331405
2 0.4031791907514451 0.4624277456647398 0.08887283236994221 0.14643545279383424
2 0.5023482658959537 0.4653179190751445 0.09862716763005779 0.15221579961464357
16 0.7819725433526011 0.788053949903661 0.0032514450867053312 0.011560693641618372
1 0.5321531791907514 0.7533718689788054 0.12355491329479762 0.20809248554913296
12 0.6107297687861272 0.905587668593449 0.05960982658959537 0.07321772639691716
6 0.5787572254335259 0.501926782273603 0.008670520231213957 0.021194605009633917
12 0.5641257225433525 0.32080924855491333 0.04443641618497109 0.08670520231213852
7 0.3273121387283237 0.4884393063583815 0.07153179190751438 0.11368015414258181
15 0.21947254335260122 0.291907514450867 0.07911849710982644 0.09441233140655089
14 0.28124999999999994 0.23795761078998073 0.09645953757225435 0.1522157996146435
