8 0.151035 0.5993939999999999 0.301249 0.543868
16 0.603132 0.48159599999999997 0.123174 0.198571
6 0.128892 0.409777 0.121011 0.299061
7 0.6020592485549133 0.2842003853564547 0.10296242774566487 0.17533718689788053
2 0.4980130057803468 0.46531791907514447 0.07911849710982664 0.17919075144508667
2 0.48771676300578093 0.2938342967244702 0.06936416184971107 0.1445086705202313
5 0.3946268216426407 0.4694009337162078 0.07695086705202302 0.07407547010177602
5 0.29714878842207026 0.7564516464259928 0.031430635838150166 0.25240847784200404
12 0.338150289017341 0.9190751445086706 0.045520231213872824 0.08477842003853567
1 0.3619942196531792 0.7716763005780352 0.06502890173410399 0.13680154142581916
3 0.3398390525339299 0.7272643767869843 0.035765895953757176 0.22543352601156086
12 0.16148843930635817 0.42292870905587654 0.03901734104046263 0.0597302504816959
15 0.21351156069364158 0.21290944123314065 0.09754335260115607 0.07899807321772641
4 0.21947254335260116 0.5712909441233142 0.03793352601156073 0.059730250481695536
