0 0.411505 0.150098 0.135909 0.295716
5 0.561707 0.769077 0.160862 0.045781
3 0.4037210982658959 0.7861271676300577 0.035765895953757225 0.2620423892100193
1 0.45032514450867056 0.6859344894026975 0.06177745664739881 0.10789980732177255
2 0.5018063583815028 0.45857418111753373 0.08236994219653176 0.1657032755298652
2 0.2888367052023121 0.19460500963391134 0.07695086705202307 0.16955684007707128
7 0.6058526011560693 0.2832369942196532 0.10621387283236984 0.18111753371868977
7 0.26932803468208094 0.7996146435452794 0.053106936416184955 0.11175337186897892
4 0.21730491329479767 0.5635838150289018 0.053106936416184955 0.07899807321772641
16 0.6107297687861271 0.4913294797687861 0.12463872832369952 0.22736030828516376
15 0.3963311039189938 0.47251984841651407 0.08236994219653163 0.07321772639691738
