11 0.349867 0.671613 0.123091 0.305984
2 0.501652 0.46334700000000006 0.089138 0.16888000000000003
15 0.32062000000000007 0.17715699999999998 0.04206000000000001 0.159123
8 0.34877500000000006 0.12464799999999998 0.087885 0.246401
3 0.463379 0.122948 0.11937400000000001 0.187945
8 0.321666 0.8873260000000001 0.431735 0.212246
6 0.5493307398843931 0.20725117726396913 0.161778 0.333517
16 0.7071870000000001 0.470461 0.162175 0.202483
8 0.201722 0.147563 0.382641 0.293364
2 0.4037210982658959 0.4633911368015414 0.08128612716763009 0.1599229287090558
7 0.33327312138728316 0.4807321772639692 0.061777456647398844 0.11753371868978803
4 0.26119942196531787 0.626204238921002 0.0476878612716763 0.08477842003853567
14 0.25686416184971095 0.7784200385356455 0.09104046242774562 0.18111753371868985
14 0.2622832369942196 0.2302504816955684 0.07369942196531792 0.1560693641618497
15 0.23768092505518992 0.3551474567165008 0.10769959729415118 0.05202312138728323
12 0.611271676300578 0.8988439306358381 0.05852601156069362 0.094412331406551
0 0.5603323699421963 0.3198458574181117 0.04985549132947971 0.09248554913294799
0 0.3977601156069364 0.21868978805394992 0.0932080924855491 0.21001926782273606
1 0.5473265895953756 0.7687861271676301 0.13222543352601146 0.20423892100192664
