0 0.398525 0.22390000000000002 0.10196 0.21209400000000003
11 0.269391 0.7540769999999999 0.078442 0.148476
6 0.555274 0.225728 0.16624099999999997 0.33591100000000007
15 0.61099 0.905617 0.053716999999999994 0.0935
2 0.50209 0.46470500000000003 0.0895 0.172262
16 0.7032640000000001 0.47154399999999996 0.153008 0.20288
8 0.077614 0.3900870000000001 0.154501 0.37034599999999995
2 0.3977601156069363 0.4614643545279384 0.09104046242774565 0.17533718689788053
14 0.2671604046242775 0.21772639691714837 0.09429190751445089 0.22350674373795765
11 0.3695809248554913 0.7524084778420038 0.11705202312138724 0.2678227360308285
1 0.5332369942196532 0.764932562620424 0.13222543352601157 0.20809248554913296
15 0.16961705202312138 0.3179190751445087 0.02926300578034681 0.20809248554913296
