8 0.17317799999999997 0.8345080000000001 0.34519 0.313008
16 0.707497 0.470832 0.162288 0.201889
11 0.351615 0.736077 0.128131 0.304441
2 0.501212 0.46416300000000005 0.089848 0.169001
6 0.553159 0.22638100000000003 0.159433 0.334345
3 0.45873800000000003 0.125619 0.128666 0.192559
0 0.398968 0.22610599999999997 0.100583 0.221711
8 0.25686416184971095 0.1464354527938343 0.37933526011560686 0.28516377649325625
2 0.4037210982658959 0.4576107899807322 0.08778901734104054 0.15606936416184966
7 0.33544075144508667 0.5048169556840076 0.06611271676300579 0.12331406551059736
4 0.2579479768786127 0.6223506743737957 0.05202312138728327 0.08092485549132952
1 0.5402817919075144 0.7620423892100192 0.1311416184971098 0.1830443159922929
12 0.6080202312138728 0.9065510597302504 0.04552023121387286 0.07899807321772641
12 0.5619580924855491 0.3362235067437379 0.042268786127167675 0.1252408477842004
