8 0.24268300000000004 0.881252 0.4080730000000001 0.229248
8 0.294106 0.09343799999999998 0.264695 0.18677599999999997
11 0.34923699999999996 0.679585 0.123538 0.302356
15 0.23555500000000001 0.299785 0.073723 0.070161
3 0.46584899999999996 0.11984200000000002 0.114143 0.180638
16 0.704857 0.47058000000000005 0.156089 0.201838
2 0.501641 0.464262 0.090523 0.17049300000000003
0 0.3974019999999999 0.22094000000000003 0.098479 0.20719300000000002
12 0.610916 0.904653 0.053567000000000004 0.09476100000000001
14 0.2498193641618497 0.7591522157996147 0.09429190751445084 0.1502890173410404
2 0.399385838150289 0.4595375722543352 0.0921242774566474 0.15606936416184972
7 0.32785404624277453 0.48362235067437376 0.07695086705202314 0.11946050096339107
4 0.2595736994219653 0.6223506743737957 0.04443641618497111 0.08092485549132952
14 0.26986994219653176 0.24084778420038538 0.0845375722543352 0.16570327552986516
13 0.17720375722543352 0.20809248554913296 0.0791184971098266 0.1233140655105973
6 0.5532875722543352 0.19653179190751444 0.1398121387283237 0.2697495183044316
12 0.5679190751445087 0.31888246628131023 0.0476878612716763 0.07514450867052026
1 0.5375722543352601 0.7562620423892099 0.13005780346820814 0.210019267822736
