8 0.17854100000000003 0.158934 0.357028 0.317869
16 0.6036669999999998 0.478144 0.124451 0.197713
19 0.561645 0.7689300000000001 0.159685 0.047273
7 0.598807803468208 0.27167630057803466 0.11813583815028907 0.1926782273603083
7 0.26499277456647397 0.7996146435452794 0.04660404624277455 0.11175337186897892
4 0.21784682080924853 0.5616570327552987 0.05852601156069362 0.08670520231213878
2 0.49909682080924855 0.4701348747591523 0.0899566473988439 0.15799614643545276
2 0.4839234104046243 0.30057803468208094 0.08345375722543352 0.14643545279383433
15 0.38475433526011554 0.48940269749518306 0.09104046242774565 0.09633911368015412
6 0.4151011560693641 0.15221579961464354 0.16907514450867048 0.2967244701348748
6 0.5500361271676301 0.07996146435452793 0.00325144508670526 0.03275529865125242
12 0.4486994219653178 0.1464354527938343 0.04985549132947972 0.08477842003853564
1 0.43948699421965315 0.7475915221579962 0.08778901734104054 0.23121387283237
12 0.49909682080924855 0.8535645472061658 0.053106936416185 0.06936416184971109
3 0.39830202312138724 0.7832369942196532 0.04877167630057805 0.2562620423892099
