8 0.232211 0.8516059999999999 0.427551 0.287892
11 0.34860399999999997 0.6826310000000001 0.12251300000000001 0.299883
0 0.3996680000000001 0.23265900000000003 0.102314 0.23597299999999996
3 0.459625 0.125662 0.127017 0.19376
6 0.553471 0.22628900000000002 0.160218 0.333022
16 0.7059550000000001 0.47079 0.16046700000000003 0.20191799999999996
2 0.501728 0.464123 0.089574 0.168214
8 0.23843930635838148 0.1348747591522158 0.41618497109826585 0.2697495183044316
2 0.39938583815028894 0.4576107899807322 0.08778901734104046 0.15221579961464357
1 0.5348627167630058 0.7495183044315992 0.1311416184971098 0.2312138728323699
12 0.6101878612716763 0.9075144508670518 0.05419075144508668 0.08092485549132945
12 0.5619580924855491 0.3285163776493254 0.048771676300578 0.09826589595375718
14 0.2465679190751445 0.7687861271676301 0.08778901734104046 0.18111753371868985
14 0.2720375722543352 0.2466281310211946 0.08020231213872829 0.14258188824662818
15 0.21784682080924844 0.29865125240847795 0.14089595375722533 0.08477842003853585
7 0.3294797687861271 0.4816955684007707 0.07153179190751441 0.115606936416185
4 0.2595736994219653 0.6233140655105973 0.053106936416185 0.08285163776493257
