17 0.29299 0.210631 0.062108 0.153956
6 0.40876200000000007 0.150043 0.131654 0.29241
16 0.6031349999999999 0.478668 0.124721 0.200845
12 0.5039739884393063 0.8458574181117534 0.06286127167630057 0.07707129094412324
12 0.4481575144508673 0.14739884393063574 0.04877167630057781 0.09441233140655104
7 0.603143063583815 0.27842003853564545 0.10729768786127167 0.1714836223506743
2 0.49584537572254334 0.45375722543352603 0.08778901734104046 0.1753371868978806
4 0.21947254335260113 0.5626204238921002 0.04877167630057805 0.07321772639691716
5 0.5625 0.7649325626204238 0.1669075144508671 0.07321772639691716
3 0.39721820809248554 0.7813102119460501 0.04443641618497118 0.2524084778420038
1 0.44924132947976875 0.6782273603082851 0.07911849710982657 0.11946050096339114
7 0.2563222543352601 0.7870905587668594 0.08562138728323695 0.136801541425819
15 0.3890895953757225 0.4884393063583815 0.0845375722543352 0.09055876685934493
