8 0.32309 0.854568 0.43195999999999996 0.278565
11 0.35161200000000004 0.73756 0.128308 0.306325
1 0.706464 0.47070999999999996 0.15996 0.201102
14 0.233761 0.733007 0.08119 0.126042
6 0.552761 0.226364 0.159589 0.332348
7 0.39931336994219657 0.22679134682080926 0.106472 0.251557
2 0.501394 0.464061 0.08953 0.169688
3 0.459282 0.12467700000000001 0.127582 0.191613
8 0.2541546242774566 0.1685934489402698 0.3565751445086703 0.33718689788053957
2 0.39342485549132944 0.46917148362235067 0.10838150289017343 0.16763005780346824
1 0.5332369942196535 0.7687861271676293 0.11271676300577979 0.2350674373795759
12 0.6128973988439306 0.9017341040462428 0.05744219653179194 0.08477842003853567
7 0.33489884393063574 0.5038535645472062 0.06069364161849713 0.1252408477842004
12 0.5646676300578034 0.3217726396917148 0.04768786127167623 0.10789980732177297
15 0.15335982658959538 0.4142581888246628 0.024927745664739903 0.14643545279383433
2 0.26065751445086704 0.6213872832369942 0.046604046242774616 0.08285163776493264
14 0.273121387283237 0.251445086705202 0.08670520231213869 0.18689788053949877
